469337564
341446764
514643583
309735670
335393788
306273816
377672876
284675296
339597578
508668322
335023774
424104128
336377331
479229407
324389392
317514393
363501921
293673304
388924653
304462049
298844386
498800576
290853822
288362576
418049135
444553167
304075033
471895662
342548956
534482066
595563753
333202351
514573553
326884235
376771144
505911015
320659794
338761996
578386521
355472887
311170976
333201813
478351777
456633308
441129355
589698942
365399299
392790924
524123670
284984448
333710667
659503543
633646265
417742726
353971085
504520620
654867487
404066296
349561448
428713847
382509315
310789464
484293461
457117468
381786507
607485062
355832697
453682011
318038618
281826146
409983065
430437503
307868751
381348546
647750636
393232373
659524331
479148816
598969740
282914454
394062949
289559439
310607705
426621887
597638475
605841731
331514859
294934058
412910736
333188676
637819447
327370808
343580672
322143854
453312964
627370256
577491499
336456412
542747673
556500145
382920959
290137919
487810572
545789628
318798264
471713959
320128602
561849442
448566661
595086167
412776957
437818260
467016332
616742607
588647136
438086190
565841375
399922064
426260937
505157728
573751328
364946558
484222449
400579318
404249815
293305984
451395878
284428991
440693834
417993697
460493715
584606479
386297670
558270538
459732007
400599514
315020789
369884874
434113658
466584564
342738702
308964013
364361728
323133888
401103105
369872974
504968354
599139477
289967115
563155321
379909266
440321925
500813317
600100369
561386772
691766202
422037126
392640124
346633404
366794783
601452706
511757903
347803339
686819596
329744931
557044822
307658513
364502063
383126470
502593329
285877935
451228846
305567000
655527928
366020849
434682528
605608899
414275302
405364611
333211045
480811505
459161879
428974099
294164208
513779586
540236748
317836614
469342674
471928808
467286515
521597965
503451073
431757093
576292561
414656514
467192391
498795789
455051316
503518270
508235916
322431730
504376377
542649006
352066397
400320197
533616438
526722540
549039908
319950095
420985422
364876095
310628790
335047649
336417923
438090642
368260521
457045275
322111072
368002537
351214235
345338910
355980778
317062064
332679655
364891946
566504821
384132666
349259683
388928133
378087184
421174718
409381562
295798315
472303810
423223834
407180698
425685843
439791100
369820957
316800034
