295646461
364252504
322439990
281940292
404516121
300048137
628677149
486699476
364616869
486154808
605748057
412489722
364884105
537308269
403692190
545689128
458225159
464770748
316415412
469917266
310647896
295405621
408451987
414215658
333252638
602724318
364193735
425914352
649264704
382372588
542875991
600105016
567517482
555306679
354008995
393782096
547162979
376368426
334634432
413511993
297613771
356393368
437519442
299120437
564147490
321324581
327046574
561206553
403037266
554438153
485047858
288286079
320298020
322103952
625317512
379529231
506375544
415411639
527637646
426939660
288399415
585223877
494652642
517329357
646719781
284699894
529051002
634139673
288419283
441302771
325683306
428652359
465814696
557946227
481294742
421106297
287526650
393113291
528732981
340917615
382434036
372888894
291188111
624566209
401533966
317992025
463577395
327193945
510369875
601606659
399987733
526831380
508957354
493299360
348618445
302781008
532426422
593308377
617045654
314502416
497489376
500182129
336829635
435198586
368499861
410241380
409979952
625324968
469917440
480767833
421110714
348779486
399072639
625333002
542752476
478657131
388481318
419841407
574022124
413112585
428539534
372326740
368499632
390581757
420954273
447145667
438788905
452087262
291430598
531791266
292148184
481501928
404797432
419168262
375727893
455537046
505555988
469952039
435502664
410148139
418407216
526785825
585146605
412864954
418960096
434209233
427799600
415467828
429007990
396659191
413390648
414910977
571826961
396959302
625326383
527705255
343798843
471325171
506378816
625333618
441551189
382157180
478953025
579720551
431072213
451036396
406162876
533658587
549890546
483922001
333203697
495150606
412841793
568526366
477700080
467154094
491024736
436760574
415950922
380081130
463729367
369266386
467953363
501564786
695709241
376461719
625331086
469229784
649246860
542487199
535841520
413109494
418398949
366594220
586488492
376413715
300395940
413107327
360550988
533796437
415962807
528581217
527186983
566584692
419674635
398409954
417906074
592371149
394279815
415720975
419371996
338725687
555644333
447289584
392901672
529806528
558059563
458032309
374953419
382275734
648617790
407856257
422621403
491537291
418598616
407173878
438695494
555309964
539875792
634132246
613464159
542580202
557872119
368497281
425642854
635638808
460066042
517818999
470890226
528065804
