585027354
323229106
316126557
414817704
467816643
284809790
315659984
328095974
447442214
303217144
324384027
302021371
339660839
299488453
307529605
340268949
329541503
418355248
450991137
424889327
405922167
305778197
288903235
284945674
370144231
504677517
299949744
498151501
537300021
492861440
383076098
327783342
432000525
284147312
561866269
284249445
288656960
306599340
286577228
292242503
330316698
445350929
585193266
416753449
337552456
453761271
378640003
414569920
310459806
518469483
304608425
425684914
443936245
337108800
299029583
320192158
557871911
495230948
349510601
319730503
378697811
329380089
311867728
367023550
308749977
410940835
446675774
385569150
486556174
381982120
381792721
451379202
577430143
429708087
385287307
283492923
417605484
494522038
578496721
353369769
395111132
382442101
539139617
641194843
391464755
307861852
608009254
539102903
325924444
489504266
568047979
340701877
429847648
338171893
388473658
382298536
408866084
318649229
390369834
585801479
465262694
343821211
469463298
284980812
340656157
498477945
331705067
309363810
418892460
376416453
406997729
409869453
428474548
362578625
335392176
313877526
389894248
343289842
514921710
547464550
435958174
367419490
377908737
452186370
317900837
389471914
413762878
416077838
362607743
426675790
371975380
332639548
330367042
464669641
349853799
429776248
325442036
290585562
389114621
474500851
421662224
379272246
365724094
336082252
330740828
444073831
569031708
410370669
394400436
453940086
295437462
541913955
314785156
440224767
560441757
375318117
365049659
431183278
370488535
477974842
286844993
361273585
449988837
323382862
347927456
694832363
367343743
647203287
505787730
358001094
373726282
420826699
567725209
383892744
520249397
602516825
364617803
370836023
366249684
321745474
321506742
315959904
397136849
543615601
484782414
547090457
593195079
368024976
376375011
284444600
413049280
472026960
534457025
288420737
344494968
421788217
706258885
449505834
463455354
398456162
613179917
700227307
399573859
468662924
315809860
388424049
409117830
356866743
499097243
478007253
339393884
405239907
325383348
503701268
672902340
495985059
397445612
366746980
464270330
306620245
422661436
418279192
415545903
376517578
480887516
286677125
312378941
478333162
417204570
404946736
441953397
554885851
376535806
511107467
324101974
420037104
318678880
364903314
369297038
429757774
