284035177
284993459
290638154
324684580
421254504
418987775
509993510
470101678
355554941
390929278
336353151
583845719
385815082
586213247
317951436
304075989
335060889
465455919
382373458
402300086
298307011
453111583
524299475
408878018
438735719
409716516
391994966
330897901
306474530
327576776
342138881
281913144
445298897
404040847
632353530
431168066
408709785
346194763
407623377
528552046
536489592
510855668
595982706
477014214
471394851
284916679
289333900
452180801
314652382
319295332
323701765
435368538
310626563
312880531
638794165
287965434
545861112
474163186
493226494
527588389
416867919
477960671
330633105
338290357
435368482
326462758
531357965
511889746
562793878
378195188
525944697
284972998
666336566
293053479
293523031
378351144
583840107
595051747
426912243
525781368
432889504
394588882
355744218
372093286
584557117
363718254
394762682
357828853
569501429
486796173
448032617
547109049
378356692
348529973
384383425
547001249
625335999
456339499
455072135
383819300
428149234
520502858
404167616
351912899
485638799
337288863
329472198
359012799
425753430
485362757
530990324
451268300
356664887
373003784
547825550
441600780
586211953
358375399
393316867
340240515
326533688
562161616
438690886
608609424
299647180
449780743
374022058
315980301
504720445
469048684
526625728
577125561
459664402
434808276
391732937
364871590
599559607
628517073
320029865
431554845
369754237
514297751
456112822
441813332
392727786
632522670
431343497
625541612
492177760
416443133
495865909
371549613
578185077
358521498
405088414
642064350
463553380
469908707
592052832
322122402
397602509
371418743
467040338
331185880
409786458
635828559
589478573
646540368
371728474
301645072
358373842
419614880
465908822
584432649
534566874
450527929
366579803
496258320
492043062
306610528
414323798
636365643
434604640
691093067
369741034
416647657
286799607
411722855
403588421
323694275
438379240
375242617
352309468
351214830
376969803
385972231
505202971
393021343
452332418
489836689
380245121
508949462
334825795
481898807
474048409
364595835
337113451
465412189
447600117
633028809
373309342
456024805
362283032
510330254
708633164
295004203
296382774
515812898
352071170
335322752
358374987
562614992
402206359
515966981
355479751
289892007
322312746
390599090
456471024
378193933
448278467
305468166
448310707
401206431
504321020
336017923
417458271
427937454
405503524
506146809
