297606951
282614216
352683833
310738695
375380948
399355755
297430070
335364882
523045896
398383945
340295413
290051590
477128284
364203371
336698281
338137227
288487321
399563465
466993271
521207075
356879583
533055738
363920434
550842012
547702041
659563061
392988420
331804452
433752055
463630399
535509415
395545555
470412147
314855255
383298204
317374984
393328150
341036067
365886172
384830320
419864550
548017839
469489347
424216726
311634913
504471616
310730297
445458809
472078451
400677318
342527639
454607051
367353324
383100402
335503017
390783984
487473473
457954781
290591617
516439697
338380654
386592716
323169800
403901186
382497397
336860594
535562583
382008409
467738064
399660222
336317242
353263352
363337072
307861492
474349412
444552888
398434750
386136099
578505616
462795218
469422050
327962480
306423353
402742793
483343276
508163604
538946076
468667433
461062822
470179308
559887125
379516970
516060195
314603460
335329737
339883869
479227071
285018181
301460311
373392705
383915209
431685286
397729759
521487551
566237798
499978982
347019672
529057862
525522332
399094624
430444027
472014516
373179553
424015720
619460348
530621395
474219241
473539089
510237885
342792281
350109419
589351740
411903182
455018546
303636321
414012602
369427463
498516437
435668824
393584149
442975871
340021813
393630966
571044395
421706526
309938343
421477397
469984067
346548271
431471943
345188269
407435680
363267698
403827899
485420312
358821736
295436048
345294723
292234839
445221346
375427126
529920499
407632559
291945182
379889723
595856719
327871110
348883148
378358380
475770351
417047728
489807406
659999228
466052219
285522567
398554270
312749531
661737193
387395248
305449194
680500587
429947895
506563991
314673827
404849387
428117848
480497450
452836664
452209341
355736423
352224641
531527909
355728893
414561551
556653197
469622110
329384702
312021877
368180835
397533889
315010649
356943943
431268323
339041767
437521746
424797519
402272154
419869209
584319946
357715322
375381161
363455392
381722077
478161556
457941553
435253220
525213890
357467475
376038666
337482934
326347260
495955880
561263218
376393873
382457983
339684652
335989871
319836632
386656478
301269738
531075258
363971383
522194871
625677744
461363572
411524298
476559063
447120030
703938884
533055984
473332324
597331642
340513671
547951480
304932294
477296657
335312940
508738026
564093041
528277133
