341232718
297368629
331308914
295076329
387771637
291890420
300235330
420178541
330376830
624329444
304696939
373185673
301521403
410606661
488519281
292987597
314498713
398436747
487351352
466951815
329504506
514780106
436762566
388882339
409625068
386022579
336599882
320606217
462638897
395686735
289560144
340757216
367018196
485971733
502317923
468666845
399841706
389724080
287529757
378928008
389089619
292223170
285180322
470781670
398552083
469068059
393422300
443646748
413817051
479302632
353938652
368868193
295305241
343227312
466847531
555564825
331431138
408384685
529160691
442894329
425192079
448357306
493325070
345747251
398554418
426364250
361436133
402447013
426826309
395042892
509204969
289894882
461125277
406473568
583620368
333210180
365726944
449810000
333182979
436145694
497564433
336963964
441790436
650762525
380871020
600446812
443919067
298903147
552341639
292796789
312272622
441977097
509253726
454930992
404697089
559733003
347184248
600535431
493390354
426684873
489196207
297648638
545849922
376098999
367506176
417348701
498360026
475816966
412443566
428075504
334928867
295664581
336826731
382013176
289084315
470598964
489673347
488914018
394908591
503549709
375176386
338889966
456068701
489196274
448474423
318894849
680170305
312618509
503717858
380845816
415318656
448207365
503718913
421088847
495584394
421360650
527219710
650276551
421397131
466079030
335875911
584712909
595585396
383565674
466754591
473826744
352199775
405280065
410351918
579625446
337362015
285538312
352247139
675459297
349863384
503356717
364911801
472322122
326498704
348715624
304074554
306468004
336651139
502222888
367282670
323061162
305373796
492244010
687818146
395980468
453857236
586910133
409894248
569266174
596678863
364140848
310682819
467567868
583475512
441646808
527564759
401736219
500590587
653453499
442464896
307749752
461741349
470601468
576997550
473526598
503519713
505253234
294692235
419408603
364683781
475628210
413258417
306561234
301233668
536049508
571227995
441079429
492100601
439852091
684484023
306287984
335860205
477306171
346785921
386910104
383809424
534554695
301174591
327467075
431006818
416294111
385921289
578829107
583620813
317785373
382300394
542701020
511600311
467483176
522850347
477288194
570601280
381615084
644928706
304583915
290231956
488869049
417083228
469837219
588509171
400776486
388618100
418600543
502984754
551272235
