553834731
420009108
321916506
583222866
692594090
488628250
572395608
409807569
512939461
359917414
403858572
526641427
639810666
596402997
639403601
469960709
457446957
293778748
315019111
658293394
343200656
510461758
455750367
469369175
467810884
497595276
394613472
504265646
597986893
406641429
564540143
639930688
443637419
582654048
638853147
595558452
529479190
697056811
466965151
543186831
680022952
440786655
572821456
506627515
547201991
289278457
404701520
409809295
518042655
478364212
294664915
399648212
362949845
354902315
534342529
423593206
556164008
468327549
366247306
311972587
406247161
698108491
379471852
430907397
406351386
394807905
710050983
370398167
517845106
573511269
645949180
346453382
329559046
456355158
400949811
440045374
514550808
657621726
311395856
425746946
420635506
422667065
333578095
380293530
479516143
635573390
372836496
518244464
307011863
475101593
473326170
289523017
632827808
447553564
400506026
635931971
325955444
464837515
376412160
449735650
394873600
575658129
386644958
580765736
494833223
466959933
544099783
461402734
528875852
442345455
303498337
470225328
306061384
440176142
585528957
512696593
303314614
284940503
417817520
619375712
415569164
561326449
284596345
421167112
479412611
712944935
420590864
578915438
440618267
350642635
481890182
645859810
495583717
461481850
568334356
477846014
382287127
572534490
499511971
504634395
412453843
526656012
488305689
557137623
395979574
367107953
470867961
327449554
643552439
533079551
469231420
643798619
524731580
632285588
577650466
334366868
458068537
376098160
503864527
434800417
368670751
561941526
535500008
438979179
407949380
404703174
547861844
332184886
466067444
490611105
291591378
443335576
506515857
460712294
604752655
329911572
394611607
593586999
521906541
422966028
504656060
563544551
529486638
485126024
464131808
509098112
508021929
573343648
467577200
432750508
526814842
631658837
466260931
453801888
528829332
606080169
326912270
453507247
473679806
538212549
481664999
531184261
402439375
546139934
624777107
541672969
456273368
525246631
667728512
642696083
383478287
463745965
417272785
652136891
419224311
431761169
524509185
609067187
547291263
576246209
669781690
349426859
575697157
467407534
713948339
445060903
431434152
488845680
420636551
347878114
500941697
499250722
537263603
444844790
500963785
494792609
557658725
526337775
602873438
511835636
