284847138
298867247
283646709
311548709
407558537
300238550
362348516
433508740
310947683
312325565
370697773
285056092
301724680
338010821
458730692
281941097
519817714
328412701
303113127
579446739
469439008
458734623
382107453
348177453
306226132
313259740
318142137
334125582
364304764
365180396
437660937
415376179
370811491
439937940
351727428
398018310
602710567
336944062
284974421
486548194
414113282
389607479
346184215
424575621
425199399
449751021
285924450
417970539
323876167
458680449
332324766
694133485
407358186
517166254
418631860
504672168
340618204
471112395
468738585
511125261
548615579
424716908
490111274
375660117
388082488
355004332
364189500
492663955
484100875
335186209
428146680
388991060
296426075
552799694
484000695
307620907
534659421
400637320
568189808
430227204
578435033
445575722
333177961
439327093
441599004
498237834
529615515
494170744
384159739
575923525
586844570
559831813
320928490
474565015
347639491
424121785
458571562
535272164
515328530
514374715
657861657
472110881
386678211
309830931
397761931
460459302
616090626
565993818
319844001
369571913
473477150
324331173
407761767
566645291
304480511
445170859
309721195
676373222
469405092
474065391
571256745
400848995
450747427
319268411
357706066
306670109
476718980
435133002
406371748
298687558
299366785
489602051
510717503
473404571
613009563
347634120
424879834
554224019
300715810
420490216
404513413
504448321
381342286
508421942
310716163
482050344
405750770
437092808
624497238
420405810
384083725
407366192
361555026
403569006
299392794
397307760
333206289
640179084
610314677
363213193
367748150
410177268
465186865
450750137
396886949
534586266
428713765
407835353
372076250
284947174
538891526
309754128
537916781
458686055
346205023
458023433
576233634
440718302
373742138
306827235
554293254
461903613
442980285
332063292
368493398
538891654
397093993
584959322
472368358
668734289
388084608
509909227
597084729
673974489
483216130
665972392
412648908
512999447
563997435
335685323
374214585
300499862
415591208
320950142
479317486
523994373
566812758
306257910
575621429
429000446
289261493
461812897
307308511
572989656
492359166
409122247
450324535
473282264
368221343
489656375
677420559
431010077
366979487
294444490
456706611
477043603
357484932
424127169
363515015
420496625
404078364
369125087
349097826
365198409
384583497
357604351
609027352
373431224
382177814
363999272
