363590051
525463029
284235722
307906541
530957474
364191819
506460513
376510438
342792525
377194688
405862075
342643402
295785957
418368641
284417350
456280861
339532909
527860351
530168168
429775439
442839435
421997825
668395307
377951542
333647776
332568551
566564331
339440515
489321253
529997671
364873934
545519333
305094711
384922950
416345319
510544616
401629893
348184873
584485870
388338756
307386350
301517052
404593641
448999087
303276697
552293383
500003565
505728417
421998342
530001625
491730359
582486077
480017583
389117708
715768261
498639341
411276958
444946356
317885341
386244833
496218553
326885152
430152138
471966214
290338603
301387274
416345444
372268904
315194952
365013114
619910206
444237263
366562751
346205042
363740600
596133590
571096102
597426372
530003802
323341309
356815194
321960937
430154748
356053562
402791902
395677840
421547368
380908399
384298160
593451358
387624024
312343159
432306789
500101709
376323500
487922291
487066871
599083564
571711580
551798799
379983299
587842308
412629178
411583895
377851369
675168154
420455839
532604210
531323947
448925179
299948601
301520250
327243363
484232467
312886438
407930889
327586041
557238273
313624917
340501200
307840047
580838020
582560267
422366403
450733533
478755973
643052753
343753047
493007918
643857858
327125649
349953604
320578069
398349296
444947784
368470785
576009463
552248120
490974464
554936514
359000235
347707738
672501358
457331294
382199837
460177396
480016021
356098649
531325150
422704707
431553898
417871100
509160525
554936942
698736495
430152294
579966222
385618916
366884266
348596566
655976433
329913454
614820205
477401482
379459295
319927587
664306931
363154844
462780547
623158699
385786751
406033647
525345145
603351246
435965836
392203463
342257973
486095973
582580909
408592813
436578273
489185870
601831333
379881164
585213935
453560335
358612216
367287593
518667393
451106427
561226994
352467965
391522923
332170282
482473443
328619596
305671314
473181210
492105097
412694725
390577714
463266435
370544266
418554543
545127921
336978041
434066260
553182846
406387206
378924512
476710841
457548851
636493295
344950241
357467791
386415737
445553058
509199715
582790430
327205553
410053365
481012158
342396745
387231038
422753285
410354613
391973367
545551605
569285173
582744925
377671756
410871280
284819997
581357305
518734110
482166012
496004846
511664488
555094868
403126613
