490217893
570060128
577232024
376183339
546473125
435539858
378352300
442879358
481623941
376413870
435138734
364894352
664306853
294858049
378009553
408490162
413936865
569632660
565200595
469863705
526590469
334325516
303490844
440637724
426382105
303153532
362042422
415071093
510301841
360776513
569631758
504187381
385497068
390058619
323887414
427540962
535112628
543545550
478617061
552602056
444984364
507378571
464352883
295430577
519308960
332510494
412496588
313895919
467329677
302881372
538407602
506427167
450408442
536371867
448301800
477618130
361264754
416326981
586100697
381342267
403199818
469234810
345542655
284943090
409947305
422572351
293165776
452584114
693689912
465268793
439929489
385758163
445708245
378668742
591626572
423924656
472936700
502635374
445066279
509771809
363486802
331399332
381931254
483346250
347546771
439424555
429865406
483049169
292412367
285035416
327433185
556430416
515890480
502026679
403443510
512651258
407204621
286531709
438991471
321568349
536737621
424280183
408770902
400367302
573537290
438688984
404693282
430649829
474207297
309491028
444983648
409619991
657821775
439928181
414677661
470896560
376049077
525811595
512350210
601437586
632359329
303282377
411766326
444688076
444722625
302689971
523540409
436690639
415895632
361753588
463469532
415899024
364209241
330482882
436482773
494205506
310642448
542406394
483262612
495077699
404990064
554622105
522826277
642764991
424151065
371338715
327775054
530703273
485327896
657181544
441001315
677855414
591916501
409716293
505155771
440734561
513850893
318082149
405566203
543483887
389159102
414830310
321202730
406611368
389359495
449564960
478986342
444873616
442415567
359188521
543847813
509343934
521640648
582725370
431865386
494140836
529563132
445334824
463471155
512772649
319052551
342128086
532105909
531836505
470299591
613398383
445259736
467415882
479845845
503851561
689936776
491771721
531100186
547965502
443158370
575215183
714306302
461659980
435588892
454950461
477561655
309487036
501559510
433199718
336689375
410315894
503708099
420472804
374493089
500024209
475263770
422125323
353648395
389584618
364903557
442151267
308152258
428847314
613055203
633926783
517582628
302386835
431920584
589607556
466404900
433857716
522300270
331657060
505858403
419514216
579933458
605542914
480734094
476553281
581920331
563513035
407838751
429092408
540872054
620871445
