364709193
302584613
379693831
373582546
597251953
306310789
317014828
366869252
311507490
703020863
355833469
301259483
350027738
342966330
320214162
400989007
303491945
364612911
316789453
325357320
383552199
364376920
417181914
368195233
458424230
364734296
378080432
416454511
409977857
504790688
311349103
381260755
507407813
373311049
491014756
409978794
341311361
487758420
436629754
395985060
495546468
509547477
521227008
417341160
491398092
402016391
348642091
379892783
394354689
370338059
432627811
409976618
479364242
573623609
444553446
435874074
498833002
424490885
423957406
569206105
424002721
470900017
384862413
542557212
306121890
323397665
329752728
490922806
405743213
336541778
348584794
394275498
550028842
500650876
363484920
458214240
379351586
428716417
435025920
339573039
428709147
492472346
384868126
369859228
575911303
672796476
415378623
423992365
476508724
409467802
300186241
401153476
391943180
303709946
581990474
428492588
427485285
405580816
335638555
348623784
473095033
381996885
323373351
498464830
398254950
578677562
328962407
505999113
317776727
352615816
364887654
439449113
457484628
435668019
350096227
389523239
463462029
361960662
511071050
396799226
301861333
404497673
423245659
481026839
532026597
519625336
381788004
336514501
444553118
525819487
318091245
457053561
386541407
452236050
508386811
447465966
510712329
527637102
408495176
597772198
528947242
410788584
537668106
436691957
556065977
414620592
519539794
445901682
421486286
419874226
395323598
375219197
392473784
333250923
427409217
479867606
482905859
390726873
408240701
353473931
515252253
519675128
466417973
354855128
466446054
388309548
364025321
335784195
324596259
380751745
543665995
406548272
635144007
460867211
493794484
508461374
348644968
454170409
434756152
385824712
435873883
386541187
424991260
692783324
539322692
564115016
380970604
380752345
423546618
490130066
427865899
572392685
588311104
364746811
437421819
485311259
541759835
454929081
308140693
325330901
404178112
367260225
374999029
441890029
544520956
396679179
427963293
434046086
421885329
453223651
310295776
375755924
432087846
319109885
479867887
650029392
630564159
490133829
539466818
325505505
467092813
386802729
487161280
488443566
363504087
440706849
327292235
313043665
536883414
356817627
499238940
409370678
493015447
506508166
316580943
364147847
540453640
404150889
391613351
300839847
