376101648
381471023
535886823
368494609
314487667
285281827
398129933
309172177
368504562
299852753
356336433
411206394
306614060
416023011
401862018
300704847
474902001
388838723
332064280
338828953
476555713
509987785
307217005
399885903
337224035
429851711
444741112
326132785
399665189
489972714
346249053
455612214
372547556
486645049
395142862
330270120
310457191
305793334
418684609
322566048
371932548
394721194
427276530
368483462
284885844
472937654
521955756
424580980
340790528
442452787
331763096
285324287
406141511
324314533
590928245
392480771
429177928
381292358
480487790
308770920
418295945
314839075
359580639
427148293
284735786
305997247
342585873
303102667
391564049
301687625
368712487
366554161
307094023
615987910
379753015
331453283
421816838
322401412
406048120
335678373
366024390
326109583
384365348
585602572
354974676
321057000
431778312
434893913
317239400
297942237
545057907
464955043
483336864
487127942
383812222
680819774
469010277
346224003
284574017
423545287
469827377
322664011
363391537
441036266
359023732
479424243
285894656
478222820
400082867
338237450
450812427
303822728
306862897
476394945
364252041
363735527
331233824
379869627
590916381
379745980
563544682
505231370
359697009
427424432
378722461
338307313
429348043
491126018
297804039
505334976
353156045
360704050
474785950
437461477
705145034
595857716
388857173
448142450
334851202
524911308
316256242
417423649
313056918
312951771
367601643
351995731
333259405
285217489
435275949
391091630
516140765
366593092
430200224
385894596
540026163
388497605
382775642
391249421
505889167
488030828
401230894
439914112
395953716
456584471
342606477
349731802
512534897
495498306
368377690
288350249
329674141
546983235
625458492
446623339
422798908
499955111
356395556
446037028
577221529
378057961
520985073
381699271
382604920
440119537
373485609
322875558
385896088
289616509
684020201
388923203
441044210
554836784
635708484
561625752
395132841
405945700
375149708
426170776
413971331
402989016
466234654
373041141
489464550
512172838
300996215
297596317
509970189
306301965
430921107
364926152
498652631
416571227
371157308
418444345
304955183
382217506
464988855
385252759
448155923
429386653
549643634
304154888
293621500
384021568
500637987
590349173
465613917
384941497
344076810
674303045
329875377
375490342
457004119
406239138
456219044
416030022
431750800
447458912
458535080
385907472
