281935788
321367289
706464884
317858067
292760731
390211464
386491857
366801534
441469128
380288414
293170168
350189835
348560291
408076503
313696784
382952264
328616486
505864483
368679506
428263748
429396632
336472652
494366557
435297006
362418688
348529393
478687481
523422151
349974580
388542764
319376811
301866347
385808118
385975955
359366806
388027395
430133691
319094270
319381389
334184828
332009519
388760815
385437881
543269965
515430900
392489854
327538172
299470331
375325696
633487337
307750844
422822661
623811668
327671535
477798467
311355591
580272810
334265345
391062219
313401238
413392628
443065594
286025430
379864173
300420397
361811483
380412850
301427093
357290178
330049595
394325832
294754639
599471042
426582409
485357017
342563231
380674570
373156254
398305495
466576348
457575880
387337850
505074676
309811822
398170644
522674372
417909486
342114343
505057039
490482559
358845668
595012291
571461528
420447115
293163439
570244389
348735722
364802332
437488076
376210705
321184583
522356406
391763035
399842586
290806829
576236045
330573644
450464530
281922769
523220194
332170404
347073471
635042671
458537528
403629897
403625924
387365379
311852560
414942730
444016627
553887736
313822630
375185381
325760608
502147249
406157852
295144131
488280368
301270080
410174543
608066898
590672402
333419093
558757178
436670633
327646940
499047552
349373050
334876403
387335879
656302549
477774973
403049776
519565302
348142064
489585622
358738229
403622112
384261366
404137852
334624666
374213833
363747934
370260447
519076558
393247466
387201727
493976598
419238499
306402834
376060193
364370895
328011102
438205784
574041839
288690509
312198543
306091993
578255659
457072453
428483536
419609568
326574411
348744499
348793894
307934258
412786820
589443627
328767197
341665569
405607817
422830545
441969514
348867501
348177521
464268205
424607042
338964782
479818115
417367089
535142551
374277538
325010997
386248107
305588028
422573855
303609195
560657279
305777377
505862554
454280553
360999412
404298339
425205711
478707588
651920834
418671377
443575541
434333838
602933086
545134668
520154320
383721108
498454348
481079171
454149950
589003128
326685079
375608394
439338220
348308661
393642611
353404314
306526794
301027070
500772134
321726300
554267162
482457174
404454297
510977796
444782268
684901040
552797883
349630670
443222909
429504851
312094746
656659406
425853815
