284862083
357066198
364387007
384298160
418671597
466951815
487473473
444518531
471270590
369021520
370614765
468666845
538436293
518667393
470781670
399094624
474219241
421216878
479302632
411903182
498516437
377306642
427270716
444519360
475770351
466052219
373903654
469917012
420569570
418338597
439719761
428117848
364049283
401284198
370903329
475466600
431268323
419869209
436862386
478161556
536737621
424995513
461382688
461363572
411524298
415692528
473332324
391100624
409882593
503569987
511127322
436482773
517151550
453809428
452322504
397359399
461432358
597487820
469908707
394838174
486899860
470598964
451467025
503549709
389029706
415318656
319094270
470900017
421088847
482661394
399144468
584432649
556463350
470906595
393521916
560108961
480009749
577123521
569394279
433020707
516656373
428600407
457038272
461547548
494090075
378590820
382920959
411015672
415318067
484284680
487810572
541906286
478158774
498216307
503356717
508068009
391961927
474565015
538422414
451399751
588647136
648622623
455105741
461741349
423260205
470601468
649892601
451457447
568164214
555938669
505331062
404876207
451395878
493552712
508853586
477306171
378396561
452707806
469917689
478315552
485772087
473964082
556553223
477288194
547454068
471638581
466584564
548098256
439751069
528705727
526363971
493549575
500813317
649429083
526096699
489949431
469353635
499836127
453564805
493021280
406841105
487247465
508544608
675747606
533890256
635144007
413728540
508461374
397754521
583035786
494846053
473058036
451416904
484193368
478430561
520107659
461453137
550252887
522167359
393888093
479330610
632762136
551599653
523261788
503518270
480747848
506556769
485907942
423407524
443946465
521823471
557744510
641352460
487249786
554765934
479563016
581469671
444815804
408776959
714091073
565126323
552407242
484283470
552080740
471061898
539315224
477461615
468654361
487902089
419895234
398952999
482235678
574476683
514734550
504535593
470946258
471279873
714148002
439668970
484281204
552396167
605305837
531903183
469919856
374917341
504540273
407779747
622413964
461376209
584792020
559776724
523770295
593901778
519482755
431299572
473775345
484045351
528363174
471288876
523628077
695526570
585672038
489956704
570656516
507111319
580843500
472629912
394637054
413742217
508458637
606982355
471265495
641340497
617969335
578477610
451400509
478912950
552596378
574676839
469920946
