489711170
372823961
405383140
413939736
358931291
544118997
524766650
425988401
490058778
595875618
588186833
373576667
533047596
428274984
397038993
433075132
457999468
410292502
554045817
504964699
431491469
439565298
561830940
547974560
491507258
593213843
513043843
365822347
542775452
492143014
455610322
353433937
526667765
519311900
517108339
519874080
407212896
512602760
444087034
561509369
617263396
517198408
367346406
368946143
472189427
605710306
525312259
533085199
494173583
358352297
533181873
428962815
545134889
289188369
536397642
322348845
563249220
472419789
551313960
567824934
449727424
482067432
461578244
642526992
551224632
537228614
414127508
535097643
403955529
542127056
386511173
580873524
697957355
588335520
547652581
559688067
442899779
426128162
373144101
616565172
454086700
514528612
651370630
512611416
492137559
524623333
551042303
652644327
469238120
386270766
380094054
423085882
459826795
444926134
577841712
561663258
543417985
344574713
555264247
428814252
367030133
444088767
426976676
529024681
409808272
418523210
462215837
533761930
418092714
552805870
526706711
481694410
490323033
476622786
463623298
525227119
587666766
428119874
428118528
716024977
528115988
429515063
534634276
483391778
580874501
642104229
476461999
551502192
382053764
588486182
408237131
552143773
535060247
410501770
461581537
580274583
556601714
526251942
488590289
496354398
532899530
529402951
472899189
396561586
485052564
441537393
507893845
580994842
429091792
516248195
470161238
548542801
525356508
599731229
570592496
686135207
694927036
499217208
598849876
491699357
530410090
480957240
451626156
370803970
461397891
611896731
579482541
576788666
432348143
423201739
537453882
480760977
623699830
408137849
666733222
528055104
618584941
562161877
517263656
546485391
512530355
536784986
573229289
554362357
590219612
451705802
382411272
422572202
520555370
573124760
392531899
364019201
597849199
433805603
522318492
434443103
473958425
508115286
642509431
397698189
570157010
509600345
589130022
368191349
522705054
583339127
417974546
580048012
567632040
455676888
468654598
477529258
542088724
532254213
524008054
400525985
531496672
306614867
530302207
419887040
533803660
435496205
604817306
510294856
520849729
425987591
523055345
346087869
502959294
605656820
421090839
476621639
543642567
515957160
477341563
536476697
652792178
345803341
553195749
695339970
