293622097
284910350
406719683
427916203
305204535
284876795
284971959
388491656
344542975
449945214
382698565
336381998
407690035
368677368
284806204
338227344
403546234
300708497
444529922
405074003
367003839
481370590
461327349
311035142
415458524
284803487
547436543
401626263
455004730
369691844
316793974
392264578
315241195
529379082
299226386
672188283
480066121
500000336
399057337
518426085
383463868
284220417
312306003
499390651
290765007
429264904
306752957
587667052
356143077
451314284
321601474
309620151
322490679
339489528
405075943
436858222
419950680
293740930
383327395
346700012
343208275
326862399
416813139
329686864
299219152
372678687
437283871
331771613
463240522
348780264
635150066
434832826
385303379
416813861
566635048
288946782
359958584
352114300
337937175
448474183
308342527
397359399
476574483
298458698
296240199
592453480
597487820
284793089
438142806
381074627
642441300
572700574
368217298
508487044
347705137
374981318
482661394
411134124
335671384
493990010
468420446
390553006
454364785
533728846
707708351
380200364
552594442
674176920
459590827
317165182
391961927
525588154
402715941
392506558
443749877
411091283
547837352
342467041
378364975
561507659
382818039
343686515
509342785
465590817
442693988
320969612
293657764
289814055
414357125
328975335
418078412
417207307
396822677
423026446
483233552
573012550
370916498
596546023
476639005
326459697
303661699
406969208
382233851
406878019
463790712
372038569
523025208
383973080
524617679
427149531
447047877
380449520
501082957
675304115
548925969
700513113
301517742
584017912
381920038
467053028
347564786
527349170
338048730
560487958
415902307
368654448
401746066
320949132
407187754
452815667
407651428
544393260
309074771
343620821
402771489
516563800
334415021
540441035
317823888
415186905
405461321
332688107
381450492
448118603
493861593
317809458
304555078
440676901
415756753
593988618
343352396
451116472
387209224
481823522
444076820
477755570
422547188
348890820
468628356
329731243
387675830
439065179
376888389
317776221
673970506
365817457
388957867
316787053
377133767
520338005
503889626
594352566
478334807
528413490
511855507
382069612
434432510
356769392
521506259
525642917
567264775
382017751
436736538
487249786
444080371
491648052
444815804
606870241
469326959
483568103
316996121
465590289
474259675
478313722
452395530
329517941
568887033
400703627
435830939
323363997
