317469184
429009175
389781154
493619333
542511686
328415391
555376968
286058814
335744614
364269626
399071885
432015643
465092669
307184892
285692706
294056623
330029818
418075935
585361160
286615177
359891723
308609213
322399059
393689120
309025938
412223222
348153259
361313581
472402294
327171673
658308834
364284970
377306642
484725748
340058356
552764013
513135722
387233380
411930498
302644419
396764924
318906314
571481517
466053027
474679690
353665650
413111438
300412347
291249223
332116103
355995557
395478916
568543007
327455869
514398862
571725199
711561481
397303467
329510739
386882057
325462190
661034398
470428362
489689106
473966409
534568162
548213544
409829925
711074743
436268381
473349864
571801488
586379597
622851626
496926637
548528027
300213367
381540802
490044745
461547548
659737732
450531610
550269821
432450349
356928178
411015672
479843852
449795274
427112959
393048976
508068009
484385600
488575683
407853742
382669268
462249608
422154977
350612910
395859078
345957657
563027226
478396998
393279698
497407923
326853634
363453343
299785387
333203614
389685660
417922502
345137837
461526519
558103335
508853586
414020923
583390285
550252401
559006488
382017335
527331403
387404738
327054744
324021126
398903933
594966153
497714588
547454068
491796218
498010853
390531553
472006138
439751069
334957707
417408017
526363971
578834522
482814185
397279736
319897973
403838598
502174302
413389368
462259157
409307935
583170971
480083200
542251211
560546093
406697875
480824199
389377270
288215322
411902558
516137922
475240317
543620631
444258750
462519377
380146548
395375487
451052020
299568046
380876743
581759921
595102994
406001886
395227928
551539462
624630920
508217833
499597400
518026818
473058036
535302109
431970805
390846039
711534990
356473912
484375848
460494117
327110656
297405459
427783832
496758984
538187423
493433252
683474012
302930976
505112994
417601403
551217075
412792865
481100750
410617886
531289735
385884369
391372543
443946465
518465747
465346806
440740108
459465949
592751332
637030094
427781975
390783578
411621803
606905722
427460569
512062674
335191412
317518472
572092594
323685192
497880658
672521799
485587348
333188067
711604061
452037529
510742778
365780014
694717582
485702690
560557323
680224758
406504202
504322365
349715369
374741172
430671164
377786314
523775406
543301042
496440541
344720654
402806693
468654361
563617073
318650058
