284882215
333903271
304878510
429047995
454638411
466122094
592447445
357218860
372513032
305479724
442012681
288429040
382617920
305343404
377304531
310633997
428845974
447119634
314716233
309219097
284792653
352791835
635896473
281704574
397648381
302324249
511700298
306934924
453298978
566223681
375239755
392796698
403639508
552208596
443904275
389638243
349160522
643496868
519943359
463926997
338088432
338701294
414478124
372648912
286756410
290948830
555260595
412133981
639584030
351331194
506141837
362057947
488720081
458272450
305939712
293837001
383949089
570756103
393753220
396612714
400169658
539124565
285688934
463142728
447269854
421102042
320087242
335703880
375990038
513303482
534524376
308956623
371769677
353912946
423824154
286274367
307930478
340787494
358899126
395604449
420792544
284973016
423446781
297574648
480613677
413217361
632994162
575284053
597077652
405850918
328800112
504082347
341249709
320369555
445539290
456700444
491391564
508231856
459686734
588594730
499824003
459407288
406436404
369971145
392550386
569077959
596961532
334373462
516708312
531878264
427719655
473558719
460832829
595229563
307880732
308795090
533968357
541829441
469311743
368595692
412710421
323248984
332731226
364193698
501840899
444934666
566193656
303973225
321957651
436145499
500588622
350426804
529473443
336435697
322326573
385604585
380015247
415901080
501624063
412896524
315257056
396050119
505311163
494214305
344239662
310755560
396246398
393424671
425824493
477971748
494520920
449141888
350962117
389799209
593652484
640360962
574850908
503663173
417076117
307838489
447997168
586834273
528626975
342882670
535074803
405179691
486244601
439688523
392583173
662802077
395229670
425154540
576764625
382011064
456034437
451711306
318233700
649230807
403437594
417659128
453718989
319881193
602381387
434528779
440185993
352891124
537966085
520743987
510291641
553726535
439078709
307008056
541879701
471347413
486344680
369327398
415888970
469609836
437983691
562963070
333252114
451331904
513218458
422854875
411653596
522850398
372421451
514309724
432531914
363946115
462914928
620160983
648824188
466970942
449598981
304425038
554007467
346546763
383790206
373539016
368952916
413419662
517089691
509161291
367531157
585660589
483508042
577112130
435333429
588937297
587653192
374165361
428851691
455499418
482482949
691096785
303320388
552387021
653305137
380464527
