284815942
282935706
414706506
308750436
672417831
293855167
345323231
399452287
364740856
308537544
324715238
287734809
349554263
433349450
293283136
699614024
371883773
379450383
386272641
378075859
354656797
584986228
332615624
438477986
291877741
394464350
288349436
524930669
398833336
682065789
702763241
349502924
418435837
352467249
299185772
475772902
397730127
317064309
336400266
489221652
288657710
364195592
506512797
334989259
494789758
641006489
365223775
422838800
494875526
378478530
536492883
680036636
576588894
558305285
309627313
557074482
629752226
547157012
598329798
365547505
373286743
476956418
409722800
583436811
398452875
326079517
309209200
351607451
568032967
366458366
472182350
397425651
361797273
452999495
453571750
404801324
349039721
499428207
391093033
364733950
376874469
306947924
393499958
432100567
401424333
556753948
653987498
515127233
304006512
468522684
365557665
407455053
467937518
478776410
385990290
305805350
385799946
285944183
399947682
442147029
361071600
338536876
447919187
600907460
315529146
481765599
340020887
398132721
663777466
485998842
291701649
403758876
346888659
367163867
305508619
389206202
669296321
306371456
342233203
437166571
338553010
385756768
286041914
599158061
353115739
368358948
392275380
291070079
548199073
306021114
638447236
341922306
513765092
652592446
385842515
291179703
548861535
296967177
363287472
330545327
407952605
431523459
592784743
368360223
478652721
365494029
397467588
359354972
402422247
338178992
357420195
451133186
407417097
631885241
343864881
476231051
590540598
489393013
346834864
413632149
546175939
434573876
508074889
289694924
393764621
289320718
475327718
288499125
314099174
404334619
353022562
315825212
530834652
304085181
374050672
437496538
520807989
384039725
387178273
316565575
316233860
304304134
346475226
431948401
446641639
647959593
396344929
421783501
418689709
476281976
480102438
640199958
413126886
609434838
305662859
395953473
605282707
500582981
535880564
357654657
529856977
606099082
329581980
343507143
411970514
682415504
508465867
416870524
649020636
331964374
461764168
465455201
341046078
286574416
537070378
442158525
372987619
489522703
412798013
352470511
350185614
329502948
388358640
425129943
416868928
424494669
364879902
602890908
524221770
294507263
530262913
312336368
349166314
458568213
391286574
514748450
301048982
332357360
378120928
598450400
