422689480
327630330
396301854
281796108
507874739
313232441
288113403
444304133
577586159
415976837
470580739
663151076
318698524
514485964
361309726
578979413
301962306
568780324
530755375
363729560
299531647
364201083
349275540
446067710
320788270
474025452
506003812
388627783
518972315
319106691
351815470
365189604
354098826
331012646
385896092
361285480
481606548
530911645
287170072
353404769
514917848
477537958
407759942
319185557
361304891
443369807
410395246
298856272
360593530
348609711
406644151
407108860
379980390
492342639
490505997
299847543
370146222
392608775
429648406
446057931
484001731
517914548
318095638
444426162
314894105
326819555
438135734
360116898
478105721
308740640
363448914
560750783
576502633
531857925
483679173
378456350
357069581
473525028
497328576
612502252
352743549
576717926
443131313
547904729
452204407
564086846
463768717
522167641
469284907
471369684
419062965
375584677
297804694
454721551
388082008
473994432
493136154
408005010
399679167
364899302
422314523
522626820
385527085
349020072
498008691
492367820
308331524
371886784
490292278
512527004
451129895
398798399
393149734
358044367
541164041
374986430
355513788
318168623
465127001
577142302
379424610
454719277
474990205
445481955
510643634
293561396
491297400
415163574
379928049
416098700
446784593
361121377
403693694
585471186
348881440
370531520
460812023
364901807
484829437
489262811
390274280
288491637
401553995
446368116
599114150
571588936
383846063
343307433
357348996
430478223
409811927
424306797
434318862
578887757
660944635
544135693
705433920
294150896
511158309
649637699
543512379
513926822
634220286
593206559
388038507
687455038
440650704
391487223
345780733
471570365
463462134
482919221
346049502
621181389
442140135
539941258
379301403
317117961
289429962
536328724
444522442
335575008
480085812
347929410
531569865
390274610
505863977
325962257
587288462
519524685
441424813
377139233
586168976
580778301
492768487
339342188
391254385
364879755
320203391
367804841
324020229
623691968
520677642
545549852
300719251
363998953
310636441
600380311
407855546
481881465
542300792
656485997
509503085
489371513
393316844
515573784
364738549
575444583
652101580
285681310
305727658
641900855
551890735
533053844
461504587
447752317
367563434
470154924
465887678
608834326
545590546
412671064
601561998
381651376
306277111
374211477
366572045
459725838
423785695
477971673
