544007664
389801252
447188370
454768104
441651297
331975235
527445936
448639966
570748340
409913910
426294709
417571834
541557533
559790276
420744028
329670577
442716817
392277683
439438619
475976577
546821797
552904440
576649830
438596432
424445937
450263811
328407587
576941441
587366035
342654226
309465525
539297584
441222301
455066445
517562440
409838725
425194759
377298193
312506856
588013838
543577420
494952699
314439840
450722848
460538754
525898024
531357950
448033053
457502693
440279995
349459063
597851882
507232505
588199307
487225881
528529413
441457218
430065256
331016125
330803072
517895062
486781045
492153073
431604224
505766376
427063436
338974536
304871603
526910989
523481129
377342622
535811906
443354861
577423493
557853620
448162988
438429273
536422900
430623298
342115564
327921474
484604482
439497524
490388538
471883260
597847507
556786417
608188610
599972246
671866502
307354030
483959252
428262754
516561342
551012097
449471764
510873505
573116090
449822379
597830453
321240709
497786065
662714487
402777723
396799352
473535285
556546026
498127541
526783584
395508420
566662729
660189073
635539283
551385904
666115106
439715497
377989827
574443485
426679976
547100020
406940624
459248037
457517348
430306447
489833171
666406520
650290012
533893269
511317730
610149851
501945443
581152968
347331305
561350520
377295420
680050252
380577262
317856070
410005685
547986608
657193980
579489120
706910884
513574964
362017051
657228955
524552885
583555212
458968694
505118221
642665353
326876192
445638931
379411152
433398108
560435351
569723994
552266710
440159265
461707182
376582359
562075622
406541444
576731399
460296537
607994468
342972390
405539901
517871755
544556782
510298272
452830319
330035194
417582128
445780101
315096905
374193964
390530940
687792357
367889214
441183050
482390711
545623778
586161485
612498996
475591766
440150821
570151069
361342038
710076092
595095288
492606918
399343557
352047865
417694704
451109603
647623485
525442318
603092599
328343623
439213745
428933568
485429891
529049274
421365625
496120135
478356450
294479487
331269951
359865341
329775698
559500608
632705490
549402355
302026401
630509137
496232649
567273381
667819594
478338333
392538848
652124176
650377962
661971496
633335631
602885484
661624671
488748114
437555991
548773050
530957470
400853498
518158653
659237060
535859730
330357169
436382892
431136934
541303030
453180850
