331786748
284862083
438875956
358801284
304158842
407824176
367623543
357066198
324906251
364387007
364147881
364257176
284901416
300255638
418671597
504631398
498408628
517114354
306621789
436484582
319740707
444518531
364297166
288087905
364183644
352969997
471270590
380520716
470693788
370144106
369021520
377594176
370614765
538436293
309601447
419752338
646100661
421216878
363618575
425226754
387682790
373174152
444519360
396069556
369639576
375244010
352509417
328218429
427593622
373903654
383989837
469917012
418338597
356331152
415975693
459182288
416357699
401284198
370903329
364187929
375614185
350190807
347839246
564125545
424995513
446531039
362872995
341776037
414496806
383784566
361142829
409882593
511127322
334256223
336693422
394533293
554937050
386505750
517151550
498405045
482829995
358305912
460156587
619307903
381962819
377677727
427836513
288545208
444268184
364873582
399144468
363274833
333246187
393521916
373238146
316760739
299943618
406349184
410094240
420397564
522921599
405616387
532811902
456927730
378590820
329071486
504847776
498216307
342689843
394286729
409892845
314213167
631102370
484569962
538422414
557048779
384914589
648622623
364906378
406055530
357555242
423260205
649892601
486185699
602660809
384101264
408666056
312949947
354730788
330213424
405566099
505331062
363278608
404607612
376817521
316531263
327916625
405387506
507535654
322447301
510153374
392616461
452707806
305574085
485772087
403426652
476257466
362375140
459481464
358571317
290537970
578102296
415259551
477939499
385346299
434439506
337604610
574344908
526058642
351260907
533561885
356202138
429918909
433244125
599211182
397599894
468674740
424591729
300872165
366974923
468401854
407345290
354152106
361786318
649429083
526096699
396885309
487285628
408264324
411493119
468404991
299818435
393858566
402259941
431925922
506665965
364726223
572584499
453564805
375264133
388953042
367718944
495212737
406841105
400442503
325502379
350732480
417420505
389571743
525651447
501410335
381289235
423901636
366700212
340437401
367100181
374022496
459237313
449948632
425758986
408265227
334565283
510029539
377710338
413728540
397754521
494846053
408263192
542512225
377869410
331605976
427589329
337606352
399363156
419202474
426130673
350154435
356128776
365342149
551599653
627986929
547749847
331490798
313904711
554260576
506556769
364379394
409389010
329502124
408260229
